<file>
  <CameraConfig>
    <system usb2fps="15" usb2height="480" usb2width="640" usb3fps="30" usb3height="720" usb3width="1280" />
    <postprocessing backgroundremoval="1" cloudresolution="0" depthfiltering="0" greenscreenremoval="1" tiling="0" tilingmethod="camera" tilingresolution="0.01">
      <depthfilterparameters decimation_value="2" spatial_alpha="0.25" spatial_delta="30" spatial_filling="0" spatial_iterations="4" temporal_alpha="0.4" temporal_delta="20" temporal_percistency="3" />
    </postprocessing>
    <camera backgroundx="0" backgroundy="0" backgroundz="0" serial="offline-0">
      <trafo>
        <values v00="0.115766" v01="0.664986" v02="-0.737829" v03="1351.74" v10="0.0787819" v11="-0.74663" v12="0.0183429" v13="1461.83" v20="-0.990147" v21="0.0183429" v22="-0.138824" v23="305.322" v30="0.0" v31="0" v32="0" v33="1" />
      </trafo>
    </camera>
    <camera serial="M72e">
      <trafo>
        <values v00="-0.0695576" v01="0.739615" v02="0.669426" v03="-1414.54" v10="0.0645401" v11="0.672982" v12="-0.736837" v13="1515.63" v20="-0.995488" v21="-0.00804782" v22="-0.0945459" v23="203.78" v30="0" v31="0" v32="0" v33="1" />
      </trafo>
    </camera>
    <camera serial="M72i">
      <trafo>
        <values v00="0.115766" v01="0.664986" v02="-0.737829" v03="1351.74" v10="0.0787819" v11="-0.74663" v12="-0.660558" v13="1461.83" v20="-0.990147" v21="0.0183429" v22="-0.138824" v23="305.322" v30="0" v31="0" v32="0" v33="1" />
      </trafo>
    </camera>
    <camera serial="M72j">
      <trafo>
        <values v00="-0.061947" v01="-0.648119" v02="0.759015" v03="-1572.78" v10="-0.0553722" v11="0.761536" v12="0.645753" v13="-1298.62" v20="-0.996542" v21="-0.00202601" v22="-0.0830627" v23="194.456" v30="0" v31="0" v32="0" v33="1" />
      </trafo>
    </camera>
    <camera serial="M72h">
      <trafo>
        <values v00="0.115705" v01="-0.714421" v02="-0.690083" v03="1264.91" v10="-0.0555143" v11="-0.698315" v12="0.713635" v13="-1405.32" v20="-0.991731" v21="-0.0442611" v22="-0.120458" v23="261.984" v30="0" v31="0" v32="0" v33="1" />
      </trafo>
    </camera>
  </CameraConfig>
</file>
